MODEL.01
GIL7 Model with 0.25km vertical spacing
ISOTROPIC
KGS
FLAT EARTH
1-D
CONSTANT VELOCITY
LINE08
LINE09
LINE10
LINE11
      H(KM)   VP(KM/S)   VS(KM/S) RHO(GM/CC)     QP         QS       ETAP       ETAS      FREFP      FREFS
     1.0000     4.8000     2.4000     2.0000   600.       300.       0.00       0.00       1.00       1.00
     1.0000     4.8000     2.4000     2.0000   600.       300.       0.00       0.00       1.00       1.00
     1.0000     4.8000     2.4000     2.0000   600.       300.       0.00       0.00       1.00       1.00
     1.0000     4.8000     2.4000     2.0000   600.       300.       0.00       0.00       1.00       1.00
     1.0000     7.0000     3.5000     2.6700   600.       300.       0.00       0.00       1.00       1.00
     1.0000     7.0000     3.5000     2.6700   600.       300.       0.00       0.00       1.00       1.00
     1.0000     7.0000     3.5000     2.6700   600.       300.       0.00       0.00       1.00       1.00
     1.0000     7.0000     3.5000     2.6700   600.       300.       0.00       0.00       1.00       1.00
     1.0000     7.0000     3.5000     2.6700   600.       300.       0.00       0.00       1.00       1.00
     1.0000     7.0000     3.5000     2.6700   600.       300.       0.00       0.00       1.00       1.00
     1.0000     7.0000     3.5000     2.6700   600.       300.       0.00       0.00       1.00       1.00
     1.0000     7.0000     3.5000     2.6700   600.       300.       0.00       0.00       1.00       1.00
     1.0000     7.0000     3.5000     2.6700   600.       300.       0.00       0.00       1.00       1.00
     1.0000     7.0000     3.5000     2.6700   600.       300.       0.00       0.00       1.00       1.00
     1.0000     7.0000     3.5000     2.6700   600.       300.       0.00       0.00       1.00       1.00
     1.0000     7.0000     3.5000     2.6700   600.       300.       0.00       0.00       1.00       1.00
     1.0000     7.0000     3.5000     2.6700   600.       300.       0.00       0.00       1.00       1.00
     1.0000     7.0000     3.5000     2.6700   600.       300.       0.00       0.00       1.00       1.00
     1.0000     7.0000     3.5000     2.6700   600.       300.       0.00       0.00       1.00       1.00
     1.0000     7.0000     3.5000     2.6700   600.       300.       0.00       0.00       1.00       1.00
     1.0000     7.0000     3.5000     2.6700   600.       300.       0.00       0.00       1.00       1.00
     1.0000     7.0000     3.5000     2.6700   600.       300.       0.00       0.00       1.00       1.00
     1.0000     7.0000     3.5000     2.6700   600.       300.       0.00       0.00       1.00       1.00
     1.0000     7.0000     3.5000     2.6700   600.       300.       0.00       0.00       1.00       1.00
     1.0000     7.0000     3.5000     2.6700   600.       300.       0.00       0.00       1.00       1.00
     1.0000     7.0000     3.5000     2.6700   600.       300.       0.00       0.00       1.00       1.00
     1.0000     7.0000     3.5000     2.6700   600.       300.       0.00       0.00       1.00       1.00
     1.0000     7.0000     3.5000     2.6700   600.       300.       0.00       0.00       1.00       1.00
     1.0000     7.0000     3.5000     2.6700   600.       300.       0.00       0.00       1.00       1.00
     1.0000     7.0000     3.5000     2.6700   600.       300.       0.00       0.00       1.00       1.00
     1.0000     7.0000     3.5000     2.6700   600.       300.       0.00       0.00       1.00       1.00
     1.0000     7.0000     3.5000     2.6700   600.       300.       0.00       0.00       1.00       1.00
     1.0000     7.0000     3.5000     2.6700   600.       300.       0.00       0.00       1.00       1.00
     1.0000     7.0000     3.5000     2.6700   600.       300.       0.00       0.00       1.00       1.00
     1.0000     7.0000     3.5000     2.6700   600.       300.       0.00       0.00       1.00       1.00
     1.0000     7.0000     3.5000     2.6700   600.       300.       0.00       0.00       1.00       1.00
     1.0000     7.0000     3.5000     2.6700   600.       300.       0.00       0.00       1.00       1.00
     1.0000     7.0000     3.5000     2.6700   600.       300.       0.00       0.00       1.00       1.00
     1.0000     7.0000     3.5000     2.6700   600.       300.       0.00       0.00       1.00       1.00
     1.0000     7.0000     3.5000     2.6700   600.       300.       0.00       0.00       1.00       1.00
     1.0000     7.0000     3.5000     2.6700   600.       300.       0.00       0.00       1.00       1.00
     1.0000     7.0000     3.5000     2.6700   600.       300.       0.00       0.00       1.00       1.00
     1.0000     7.0000     3.5000     2.6700   600.       300.       0.00       0.00       1.00       1.00
     0.0000     7.0000     3.5000     2.6700   600.       300.       0.00       0.00       1.00       1.00
