  
 Model:
  LAYER     H(km)     Vp(km/s)     Vs(km/s)  Density     QA(inv)     QB(inv)
    1     1.00000     4.80000     2.40000     2.00000     0.00000     0.00000
    2     1.00000     4.80000     2.40000     2.00000     0.00000     0.00000
    3     1.00000     4.80000     2.40000     2.00000     0.00000     0.00000
    4     1.00000     4.80000     2.40000     2.00000     0.00000     0.00000
    5     1.00000     7.00000     3.50000     2.67000     0.00000     0.00000
    6     1.00000     7.00000     3.50000     2.67000     0.00000     0.00000
    7     1.00000     7.00000     3.50000     2.67000     0.00000     0.00000
    8     1.00000     7.00000     3.50000     2.67000     0.00000     0.00000
    9     1.00000     7.00000     3.50000     2.67000     0.00000     0.00000
   10     1.00000     7.00000     3.50000     2.67000     0.00000     0.00000
   11     1.00000     7.00000     3.50000     2.67000     0.00000     0.00000
   12     1.00000     7.00000     3.50000     2.67000     0.00000     0.00000
   13     1.00000     7.00000     3.50000     2.67000     0.00000     0.00000
   14     1.00000     7.00000     3.50000     2.67000     0.00000     0.00000
   15     1.00000     7.00000     3.50000     2.67000     0.00000     0.00000
   16     1.00000     7.00000     3.50000     2.67000     0.00000     0.00000
   17     1.00000     7.00000     3.50000     2.67000     0.00000     0.00000
   18     1.00000     7.00000     3.50000     2.67000     0.00000     0.00000
   19     1.00000     7.00000     3.50000     2.67000     0.00000     0.00000
   20     1.00000     7.00000     3.50000     2.67000     0.00000     0.00000
   21     1.00000     7.00000     3.50000     2.67000     0.00000     0.00000
   22     1.00000     7.00000     3.50000     2.67000     0.00000     0.00000
   23     1.00000     7.00000     3.50000     2.67000     0.00000     0.00000
   24     1.00000     7.00000     3.50000     2.67000     0.00000     0.00000
   25     1.00000     7.00000     3.50000     2.67000     0.00000     0.00000
   26     1.00000     7.00000     3.50000     2.67000     0.00000     0.00000
   27     1.00000     7.00000     3.50000     2.67000     0.00000     0.00000
   28     1.00000     7.00000     3.50000     2.67000     0.00000     0.00000
   29     1.00000     7.00000     3.50000     2.67000     0.00000     0.00000
   30     1.00000     7.00000     3.50000     2.67000     0.00000     0.00000
   31     1.00000     7.00000     3.50000     2.67000     0.00000     0.00000
   32     1.00000     7.00000     3.50000     2.67000     0.00000     0.00000
   33     1.00000     7.00000     3.50000     2.67000     0.00000     0.00000
   34     1.00000     7.00000     3.50000     2.67000     0.00000     0.00000
   35     1.00000     7.00000     3.50000     2.67000     0.00000     0.00000
   36     1.00000     7.00000     3.50000     2.67000     0.00000     0.00000
   37     1.00000     7.00000     3.50000     2.67000     0.00000     0.00000
   38     1.00000     7.00000     3.50000     2.67000     0.00000     0.00000
   39     1.00000     7.00000     3.50000     2.67000     0.00000     0.00000
   40     1.00000     7.00000     3.50000     2.67000     0.00000     0.00000
   41     1.00000     7.00000     3.50000     2.67000     0.00000     0.00000
   42     1.00000     7.00000     3.50000     2.67000     0.00000     0.00000
   43     1.00000     7.00000     3.50000     2.67000     0.00000     0.00000
   44     0.00000     7.00000     3.50000     2.67000     0.00000     0.00000


                   LOVE WAVE        MODE #  0
        T = 0.2000E+01 C =    0.2493E+01 U   = 0.2327E+01
        AL= 0.1949E-01 GAMMA= 0.2251E-02 ZREF= 0.0000E+00
    M       UT         TT       DC/DH      DC/DB      DC/DR
    1   0.100E+01  0.000E+00 -0.451E-01  0.449E+00 -0.207E-01
    2   0.937E+00 -0.144E+01 -0.451E-01  0.353E+00 -0.106E-01
    3   0.755E+00 -0.270E+01 -0.451E-01  0.207E+00  0.472E-02
    4   0.478E+00 -0.361E+01 -0.451E-01  0.837E-01  0.177E-01
    5   0.141E+00 -0.408E+01  0.000E+00  0.127E-01  0.547E-02
    6   0.583E-01 -0.168E+01  0.000E+00  0.216E-02  0.935E-03
    7   0.241E-01 -0.697E+00  0.000E+00  0.370E-03  0.160E-03
    8   0.997E-02 -0.288E+00  0.000E+00  0.632E-04  0.273E-04
    9   0.412E-02 -0.119E+00  0.000E+00  0.108E-04  0.467E-05
   10   0.170E-02 -0.492E-01  0.000E+00  0.185E-05  0.798E-06
   11   0.705E-03 -0.204E-01  0.000E+00  0.316E-06  0.136E-06
   12   0.291E-03 -0.841E-02  0.000E+00  0.540E-07  0.233E-07
   13   0.120E-03 -0.348E-02  0.000E+00  0.923E-08  0.399E-08
   14   0.498E-04 -0.144E-02  0.000E+00  0.158E-08  0.682E-09
   15   0.206E-04 -0.595E-03  0.000E+00  0.270E-09  0.117E-09
   16   0.851E-05 -0.246E-03  0.000E+00  0.461E-10  0.199E-10
   17   0.352E-05 -0.102E-03  0.000E+00  0.788E-11  0.340E-11
   18   0.145E-05 -0.420E-04  0.000E+00  0.135E-11  0.582E-12
   19   0.601E-06 -0.174E-04  0.000E+00  0.230E-12  0.995E-13
   20   0.249E-06 -0.718E-05  0.000E+00  0.393E-13  0.170E-13
   21   0.103E-06 -0.297E-05  0.000E+00  0.672E-14  0.291E-14
   22   0.425E-07 -0.123E-05  0.000E+00  0.115E-14  0.497E-15
   23   0.176E-07 -0.508E-06  0.000E+00  0.196E-15  0.849E-16
   24   0.727E-08 -0.210E-06  0.000E+00  0.336E-16  0.145E-16
   25   0.300E-08 -0.868E-07  0.000E+00  0.574E-17  0.248E-17
   26   0.124E-08 -0.359E-07  0.000E+00  0.981E-18  0.424E-18
   27   0.513E-09 -0.148E-07  0.000E+00  0.168E-18  0.725E-19
   28   0.212E-09 -0.613E-08  0.000E+00  0.287E-19  0.124E-19
   29   0.878E-10 -0.254E-08  0.000E+00  0.490E-20  0.212E-20
   30   0.363E-10 -0.105E-08  0.000E+00  0.838E-21  0.362E-21
   31   0.150E-10 -0.433E-09  0.000E+00  0.143E-21  0.619E-22
   32   0.620E-11 -0.179E-09  0.000E+00  0.245E-22  0.106E-22
   33   0.256E-11 -0.741E-10  0.000E+00  0.418E-23  0.181E-23
   34   0.106E-11 -0.306E-10  0.000E+00  0.715E-24  0.309E-24
   35   0.438E-12 -0.127E-10  0.000E+00  0.122E-24  0.528E-25
   36   0.181E-12 -0.524E-11  0.000E+00  0.209E-25  0.903E-26
   37   0.749E-13 -0.216E-11  0.000E+00  0.357E-26  0.154E-26
   38   0.310E-13 -0.895E-12  0.000E+00  0.610E-27  0.264E-27
   39   0.128E-13 -0.370E-12  0.000E+00  0.104E-27  0.451E-28
   40   0.529E-14 -0.153E-12  0.000E+00  0.178E-28  0.771E-29
   41   0.219E-14 -0.632E-13  0.000E+00  0.305E-29  0.132E-29
   42   0.905E-15 -0.261E-13  0.000E+00  0.521E-30  0.225E-30
   43   0.374E-15 -0.108E-13  0.000E+00  0.891E-31  0.385E-31
   44   0.155E-15 -0.447E-14  0.000E+00  0.184E-31  0.794E-32


                   LOVE WAVE        MODE #  0
        T = 0.2222E+01 C =    0.2513E+01 U   = 0.2314E+01
        AL= 0.1916E-01 GAMMA= 0.2037E-02 ZREF= 0.0000E+00
    M       UT         TT       DC/DH      DC/DB      DC/DR
    1   0.100E+01  0.000E+00 -0.549E-01  0.446E+00 -0.252E-01
    2   0.938E+00 -0.141E+01 -0.549E-01  0.354E+00 -0.131E-01
    3   0.761E+00 -0.264E+01 -0.549E-01  0.215E+00  0.521E-02
    4   0.489E+00 -0.355E+01 -0.549E-01  0.941E-01  0.211E-01
    5   0.157E+00 -0.402E+01  0.000E+00  0.167E-01  0.714E-02
    6   0.720E-01 -0.184E+01  0.000E+00  0.350E-02  0.150E-02
    7   0.330E-01 -0.842E+00  0.000E+00  0.734E-03  0.314E-03
    8   0.151E-01 -0.386E+00  0.000E+00  0.154E-03  0.657E-04
    9   0.691E-02 -0.176E+00  0.000E+00  0.322E-04  0.138E-04
   10   0.316E-02 -0.808E-01  0.000E+00  0.676E-05  0.289E-05
   11   0.145E-02 -0.370E-01  0.000E+00  0.142E-05  0.605E-06
   12   0.662E-03 -0.169E-01  0.000E+00  0.297E-06  0.127E-06
   13   0.303E-03 -0.775E-02  0.000E+00  0.622E-07  0.266E-07
   14   0.139E-03 -0.355E-02  0.000E+00  0.130E-07  0.557E-08
   15   0.635E-04 -0.162E-02  0.000E+00  0.273E-08  0.117E-08
   16   0.291E-04 -0.743E-03  0.000E+00  0.572E-09  0.244E-09
   17   0.133E-04 -0.340E-03  0.000E+00  0.120E-09  0.512E-10
   18   0.610E-05 -0.156E-03  0.000E+00  0.251E-10  0.107E-10
   19   0.279E-05 -0.713E-04  0.000E+00  0.527E-11  0.225E-11
   20   0.128E-05 -0.327E-04  0.000E+00  0.110E-11  0.471E-12
   21   0.585E-06 -0.149E-04  0.000E+00  0.231E-12  0.988E-13
   22   0.268E-06 -0.684E-05  0.000E+00  0.485E-13  0.207E-13
   23   0.123E-06 -0.313E-05  0.000E+00  0.102E-13  0.434E-14
   24   0.561E-07 -0.143E-05  0.000E+00  0.213E-14  0.909E-15
   25   0.257E-07 -0.656E-06  0.000E+00  0.446E-15  0.190E-15
   26   0.118E-07 -0.300E-06  0.000E+00  0.935E-16  0.399E-16
   27   0.538E-08 -0.138E-06  0.000E+00  0.196E-16  0.837E-17
   28   0.246E-08 -0.630E-07  0.000E+00  0.410E-17  0.175E-17
   29   0.113E-08 -0.288E-07  0.000E+00  0.860E-18  0.367E-18
   30   0.516E-09 -0.132E-07  0.000E+00  0.180E-18  0.770E-19
   31   0.236E-09 -0.604E-08  0.000E+00  0.378E-19  0.161E-19
   32   0.108E-09 -0.277E-08  0.000E+00  0.792E-20  0.338E-20
   33   0.495E-10 -0.127E-08  0.000E+00  0.166E-20  0.709E-21
   34   0.227E-10 -0.579E-09  0.000E+00  0.348E-21  0.148E-21
   35   0.104E-10 -0.265E-09  0.000E+00  0.728E-22  0.311E-22
   36   0.475E-11 -0.121E-09  0.000E+00  0.153E-22  0.652E-23
   37   0.218E-11 -0.556E-10  0.000E+00  0.320E-23  0.137E-23
   38   0.996E-12 -0.254E-10  0.000E+00  0.670E-24  0.286E-24
   39   0.456E-12 -0.116E-10  0.000E+00  0.140E-24  0.600E-25
   40   0.209E-12 -0.533E-11  0.000E+00  0.294E-25  0.126E-25
   41   0.955E-13 -0.244E-11  0.000E+00  0.617E-26  0.264E-26
   42   0.437E-13 -0.112E-11  0.000E+00  0.129E-26  0.552E-27
   43   0.200E-13 -0.512E-12  0.000E+00  0.271E-27  0.116E-27
   44   0.916E-14 -0.234E-12  0.000E+00  0.718E-28  0.307E-28


                   LOVE WAVE        MODE #  0
        T = 0.2564E+01 C =    0.2549E+01 U   = 0.2295E+01
        AL= 0.1862E-01 GAMMA= 0.1780E-02 ZREF= 0.0000E+00
    M       UT         TT       DC/DH      DC/DB      DC/DR
    1   0.100E+01  0.000E+00 -0.714E-01  0.441E+00 -0.329E-01
    2   0.940E+00 -0.136E+01 -0.714E-01  0.356E+00 -0.177E-01
    3   0.769E+00 -0.255E+01 -0.714E-01  0.226E+00  0.568E-02
    4   0.506E+00 -0.345E+01 -0.714E-01  0.111E+00  0.264E-01
    5   0.183E+00 -0.393E+01  0.000E+00  0.242E-01  0.101E-01
    6   0.947E-01 -0.204E+01  0.000E+00  0.650E-02  0.272E-02
    7   0.491E-01 -0.105E+01  0.000E+00  0.175E-02  0.730E-03
    8   0.254E-01 -0.547E+00  0.000E+00  0.469E-03  0.196E-03
    9   0.132E-01 -0.283E+00  0.000E+00  0.126E-03  0.527E-04
   10   0.683E-02 -0.147E+00  0.000E+00  0.338E-04  0.142E-04
   11   0.354E-02 -0.761E-01  0.000E+00  0.909E-05  0.380E-05
   12   0.183E-02 -0.394E-01  0.000E+00  0.244E-05  0.102E-05
   13   0.951E-03 -0.204E-01  0.000E+00  0.656E-06  0.274E-06
   14   0.493E-03 -0.106E-01  0.000E+00  0.176E-06  0.736E-07
   15   0.255E-03 -0.549E-02  0.000E+00  0.473E-07  0.198E-07
   16   0.132E-03 -0.284E-02  0.000E+00  0.127E-07  0.531E-08
   17   0.686E-04 -0.147E-02  0.000E+00  0.341E-08  0.143E-08
   18   0.355E-04 -0.764E-03  0.000E+00  0.916E-09  0.383E-09
   19   0.184E-04 -0.396E-03  0.000E+00  0.246E-09  0.103E-09
   20   0.954E-05 -0.205E-03  0.000E+00  0.661E-10  0.276E-10
   21   0.495E-05 -0.106E-03  0.000E+00  0.177E-10  0.742E-11
   22   0.256E-05 -0.551E-04  0.000E+00  0.477E-11  0.199E-11
   23   0.133E-05 -0.286E-04  0.000E+00  0.128E-11  0.535E-12
   24   0.688E-06 -0.148E-04  0.000E+00  0.344E-12  0.144E-12
   25   0.357E-06 -0.767E-05  0.000E+00  0.924E-13  0.386E-13
   26   0.185E-06 -0.398E-05  0.000E+00  0.248E-13  0.104E-13
   27   0.958E-07 -0.206E-05  0.000E+00  0.666E-14  0.279E-14
   28   0.497E-07 -0.107E-05  0.000E+00  0.179E-14  0.748E-15
   29   0.257E-07 -0.553E-06  0.000E+00  0.481E-15  0.201E-15
   30   0.133E-07 -0.287E-06  0.000E+00  0.129E-15  0.540E-16
   31   0.691E-08 -0.149E-06  0.000E+00  0.347E-16  0.145E-16
   32   0.358E-08 -0.770E-07  0.000E+00  0.931E-17  0.389E-17
   33   0.186E-08 -0.399E-07  0.000E+00  0.250E-17  0.105E-17
   34   0.962E-09 -0.207E-07  0.000E+00  0.672E-18  0.281E-18
   35   0.499E-09 -0.107E-07  0.000E+00  0.180E-18  0.754E-19
   36   0.258E-09 -0.556E-08  0.000E+00  0.484E-19  0.203E-19
   37   0.134E-09 -0.288E-08  0.000E+00  0.130E-19  0.544E-20
   38   0.694E-10 -0.149E-08  0.000E+00  0.349E-20  0.146E-20
   39   0.360E-10 -0.773E-09  0.000E+00  0.939E-21  0.393E-21
   40   0.186E-10 -0.401E-09  0.000E+00  0.252E-21  0.105E-21
   41   0.966E-11 -0.208E-09  0.000E+00  0.677E-22  0.283E-22
   42   0.501E-11 -0.108E-09  0.000E+00  0.182E-22  0.760E-23
   43   0.259E-11 -0.558E-10  0.000E+00  0.488E-23  0.204E-23
   44   0.134E-11 -0.289E-10  0.000E+00  0.179E-23  0.750E-24


                   LOVE WAVE        MODE #  0
        T = 0.2941E+01 C =    0.2593E+01 U   = 0.2276E+01
        AL= 0.1793E-01 GAMMA= 0.1564E-02 ZREF= 0.0000E+00
    M       UT         TT       DC/DH      DC/DB      DC/DR
    1   0.100E+01  0.000E+00 -0.912E-01  0.433E+00 -0.422E-01
    2   0.943E+00 -0.130E+01 -0.912E-01  0.357E+00 -0.235E-01
    3   0.778E+00 -0.245E+01 -0.912E-01  0.239E+00  0.563E-02
    4   0.525E+00 -0.333E+01 -0.912E-01  0.130E+00  0.322E-01
    5   0.212E+00 -0.382E+01  0.000E+00  0.342E-01  0.139E-01
    6   0.122E+00 -0.220E+01  0.000E+00  0.114E-01  0.462E-02
    7   0.702E-01 -0.127E+01  0.000E+00  0.376E-02  0.153E-02
    8   0.404E-01 -0.730E+00  0.000E+00  0.125E-02  0.508E-03
    9   0.233E-01 -0.420E+00  0.000E+00  0.414E-03  0.168E-03
   10   0.134E-01 -0.242E+00  0.000E+00  0.137E-03  0.558E-04
   11   0.772E-02 -0.139E+00  0.000E+00  0.455E-04  0.185E-04
   12   0.445E-02 -0.802E-01  0.000E+00  0.151E-04  0.614E-05
   13   0.256E-02 -0.462E-01  0.000E+00  0.501E-05  0.204E-05
   14   0.147E-02 -0.266E-01  0.000E+00  0.166E-05  0.675E-06
   15   0.849E-03 -0.153E-01  0.000E+00  0.550E-06  0.224E-06
   16   0.489E-03 -0.882E-02  0.000E+00  0.183E-06  0.742E-07
   17   0.281E-03 -0.508E-02  0.000E+00  0.605E-07  0.246E-07
   18   0.162E-03 -0.293E-02  0.000E+00  0.201E-07  0.816E-08
   19   0.933E-04 -0.168E-02  0.000E+00  0.666E-08  0.271E-08
   20   0.538E-04 -0.970E-03  0.000E+00  0.221E-08  0.898E-09
   21   0.310E-04 -0.559E-03  0.000E+00  0.732E-09  0.298E-09
   22   0.178E-04 -0.322E-03  0.000E+00  0.243E-09  0.987E-10
   23   0.103E-04 -0.185E-03  0.000E+00  0.805E-10  0.327E-10
   24   0.591E-05 -0.107E-03  0.000E+00  0.267E-10  0.109E-10
   25   0.340E-05 -0.614E-04  0.000E+00  0.885E-11  0.360E-11
   26   0.196E-05 -0.354E-04  0.000E+00  0.294E-11  0.119E-11
   27   0.113E-05 -0.204E-04  0.000E+00  0.973E-12  0.396E-12
   28   0.650E-06 -0.117E-04  0.000E+00  0.323E-12  0.131E-12
   29   0.374E-06 -0.676E-05  0.000E+00  0.107E-12  0.435E-13
   30   0.216E-06 -0.389E-05  0.000E+00  0.355E-13  0.144E-13
   31   0.124E-06 -0.224E-05  0.000E+00  0.118E-13  0.479E-14
   32   0.715E-07 -0.129E-05  0.000E+00  0.390E-14  0.159E-14
   33   0.412E-07 -0.743E-06  0.000E+00  0.129E-14  0.526E-15
   34   0.237E-07 -0.428E-06  0.000E+00  0.429E-15  0.175E-15
   35   0.137E-07 -0.246E-06  0.000E+00  0.142E-15  0.579E-16
   36   0.786E-08 -0.142E-06  0.000E+00  0.472E-16  0.192E-16
   37   0.453E-08 -0.817E-07  0.000E+00  0.157E-16  0.637E-17
   38   0.261E-08 -0.471E-07  0.000E+00  0.519E-17  0.211E-17
   39   0.150E-08 -0.271E-07  0.000E+00  0.172E-17  0.700E-18
   40   0.864E-09 -0.156E-07  0.000E+00  0.571E-18  0.232E-18
   41   0.498E-09 -0.899E-08  0.000E+00  0.189E-18  0.770E-19
   42   0.287E-09 -0.517E-08  0.000E+00  0.628E-19  0.255E-19
   43   0.165E-09 -0.298E-08  0.000E+00  0.208E-19  0.847E-20
   44   0.951E-10 -0.172E-08  0.000E+00  0.103E-19  0.420E-20


                   LOVE WAVE        MODE #  0
        T = 0.3571E+01 C =    0.2676E+01 U   = 0.2255E+01
        AL= 0.1656E-01 GAMMA= 0.1300E-02 ZREF= 0.0000E+00
    M       UT         TT       DC/DH      DC/DB      DC/DR
    1   0.100E+01  0.000E+00 -0.126E+00  0.415E+00 -0.588E-01
    2   0.947E+00 -0.120E+01 -0.126E+00  0.354E+00 -0.346E-01
    3   0.795E+00 -0.228E+01 -0.126E+00  0.256E+00  0.375E-02
    4   0.558E+00 -0.312E+01 -0.126E+00  0.163E+00  0.406E-01
    5   0.263E+00 -0.363E+01  0.000E+00  0.546E-01  0.210E-01
    6   0.172E+00 -0.238E+01  0.000E+00  0.235E-01  0.901E-02
    7   0.113E+00 -0.156E+01  0.000E+00  0.101E-01  0.387E-02
    8   0.740E-01 -0.102E+01  0.000E+00  0.434E-02  0.166E-02
    9   0.485E-01 -0.670E+00  0.000E+00  0.186E-02  0.715E-03
   10   0.318E-01 -0.439E+00  0.000E+00  0.802E-03  0.307E-03
   11   0.209E-01 -0.288E+00  0.000E+00  0.345E-03  0.132E-03
   12   0.137E-01 -0.189E+00  0.000E+00  0.148E-03  0.568E-04
   13   0.896E-02 -0.124E+00  0.000E+00  0.637E-04  0.244E-04
   14   0.588E-02 -0.812E-01  0.000E+00  0.274E-04  0.105E-04
   15   0.385E-02 -0.532E-01  0.000E+00  0.118E-04  0.451E-05
   16   0.253E-02 -0.349E-01  0.000E+00  0.506E-05  0.194E-05
   17   0.166E-02 -0.229E-01  0.000E+00  0.217E-05  0.833E-06
   18   0.109E-02 -0.150E-01  0.000E+00  0.934E-06  0.358E-06
   19   0.712E-03 -0.983E-02  0.000E+00  0.401E-06  0.154E-06
   20   0.467E-03 -0.645E-02  0.000E+00  0.173E-06  0.662E-07
   21   0.306E-03 -0.423E-02  0.000E+00  0.742E-07  0.284E-07
   22   0.201E-03 -0.277E-02  0.000E+00  0.319E-07  0.122E-07
   23   0.132E-03 -0.182E-02  0.000E+00  0.137E-07  0.526E-08
   24   0.862E-04 -0.119E-02  0.000E+00  0.589E-08  0.226E-08
   25   0.565E-04 -0.781E-03  0.000E+00  0.253E-08  0.971E-09
   26   0.371E-04 -0.512E-03  0.000E+00  0.109E-08  0.417E-09
   27   0.243E-04 -0.336E-03  0.000E+00  0.468E-09  0.179E-09
   28   0.159E-04 -0.220E-03  0.000E+00  0.201E-09  0.771E-10
   29   0.104E-04 -0.144E-03  0.000E+00  0.864E-10  0.331E-10
   30   0.685E-05 -0.946E-04  0.000E+00  0.371E-10  0.142E-10
   31   0.449E-05 -0.620E-04  0.000E+00  0.160E-10  0.612E-11
   32   0.294E-05 -0.406E-04  0.000E+00  0.686E-11  0.263E-11
   33   0.193E-05 -0.266E-04  0.000E+00  0.295E-11  0.113E-11
   34   0.127E-05 -0.175E-04  0.000E+00  0.127E-11  0.486E-12
   35   0.830E-06 -0.115E-04  0.000E+00  0.545E-12  0.209E-12
   36   0.544E-06 -0.751E-05  0.000E+00  0.234E-12  0.899E-13
   37   0.357E-06 -0.492E-05  0.000E+00  0.101E-12  0.386E-13
   38   0.234E-06 -0.323E-05  0.000E+00  0.433E-13  0.166E-13
   39   0.153E-06 -0.212E-05  0.000E+00  0.186E-13  0.714E-14
   40   0.100E-06 -0.139E-05  0.000E+00  0.800E-14  0.307E-14
   41   0.659E-07 -0.910E-06  0.000E+00  0.344E-14  0.132E-14
   42   0.432E-07 -0.596E-06  0.000E+00  0.148E-14  0.567E-15
   43   0.283E-07 -0.391E-06  0.000E+00  0.635E-15  0.244E-15
   44   0.186E-07 -0.256E-06  0.000E+00  0.479E-15  0.184E-15


                   LOVE WAVE        MODE #  0
        T = 0.4348E+01 C =    0.2790E+01 U   = 0.2259E+01
        AL= 0.1446E-01 GAMMA= 0.1066E-02 ZREF= 0.0000E+00
    M       UT         TT       DC/DH      DC/DB      DC/DR
    1   0.100E+01  0.000E+00 -0.166E+00  0.380E+00 -0.778E-01
    2   0.953E+00 -0.108E+01 -0.166E+00  0.337E+00 -0.491E-01
    3   0.815E+00 -0.206E+01 -0.166E+00  0.267E+00 -0.224E-02
    4   0.601E+00 -0.284E+01 -0.166E+00  0.195E+00  0.454E-01
    5   0.330E+00 -0.336E+01  0.000E+00  0.834E-01  0.291E-01
    6   0.242E+00 -0.246E+01  0.000E+00  0.447E-01  0.156E-01
    7   0.177E+00 -0.180E+01  0.000E+00  0.240E-01  0.837E-02
    8   0.130E+00 -0.132E+01  0.000E+00  0.129E-01  0.449E-02
    9   0.950E-01 -0.967E+00  0.000E+00  0.692E-02  0.241E-02
   10   0.696E-01 -0.708E+00  0.000E+00  0.371E-02  0.129E-02
   11   0.510E-01 -0.519E+00  0.000E+00  0.199E-02  0.695E-03
   12   0.374E-01 -0.380E+00  0.000E+00  0.107E-02  0.373E-03
   13   0.274E-01 -0.279E+00  0.000E+00  0.574E-03  0.200E-03
   14   0.201E-01 -0.204E+00  0.000E+00  0.308E-03  0.107E-03
   15   0.147E-01 -0.149E+00  0.000E+00  0.165E-03  0.576E-04
   16   0.108E-01 -0.110E+00  0.000E+00  0.887E-04  0.309E-04
   17   0.788E-02 -0.802E-01  0.000E+00  0.476E-04  0.166E-04
   18   0.578E-02 -0.588E-01  0.000E+00  0.256E-04  0.891E-05
   19   0.423E-02 -0.431E-01  0.000E+00  0.137E-04  0.478E-05
   20   0.310E-02 -0.315E-01  0.000E+00  0.736E-05  0.257E-05
   21   0.227E-02 -0.231E-01  0.000E+00  0.395E-05  0.138E-05
   22   0.166E-02 -0.169E-01  0.000E+00  0.212E-05  0.739E-06
   23   0.122E-02 -0.124E-01  0.000E+00  0.114E-05  0.397E-06
   24   0.893E-03 -0.909E-02  0.000E+00  0.611E-06  0.213E-06
   25   0.654E-03 -0.666E-02  0.000E+00  0.328E-06  0.114E-06
   26   0.479E-03 -0.488E-02  0.000E+00  0.176E-06  0.613E-07
   27   0.351E-03 -0.357E-02  0.000E+00  0.945E-07  0.329E-07
   28   0.257E-03 -0.262E-02  0.000E+00  0.507E-07  0.177E-07
   29   0.188E-03 -0.192E-02  0.000E+00  0.272E-07  0.948E-08
   30   0.138E-03 -0.140E-02  0.000E+00  0.146E-07  0.509E-08
   31   0.101E-03 -0.103E-02  0.000E+00  0.784E-08  0.273E-08
   32   0.741E-04 -0.754E-03  0.000E+00  0.421E-08  0.147E-08
   33   0.543E-04 -0.552E-03  0.000E+00  0.226E-08  0.787E-09
   34   0.398E-04 -0.405E-03  0.000E+00  0.121E-08  0.422E-09
   35   0.291E-04 -0.296E-03  0.000E+00  0.650E-09  0.227E-09
   36   0.213E-04 -0.217E-03  0.000E+00  0.349E-09  0.122E-09
   37   0.156E-04 -0.159E-03  0.000E+00  0.187E-09  0.653E-10
   38   0.115E-04 -0.117E-03  0.000E+00  0.101E-09  0.350E-10
   39   0.839E-05 -0.854E-04  0.000E+00  0.540E-10  0.188E-10
   40   0.615E-05 -0.626E-04  0.000E+00  0.290E-10  0.101E-10
   41   0.450E-05 -0.458E-04  0.000E+00  0.155E-10  0.542E-11
   42   0.330E-05 -0.336E-04  0.000E+00  0.834E-11  0.291E-11
   43   0.242E-05 -0.246E-04  0.000E+00  0.448E-11  0.156E-11
   44   0.177E-05 -0.180E-04  0.000E+00  0.519E-11  0.181E-11


                   LOVE WAVE        MODE #  0
        T = 0.5882E+01 C =    0.3014E+01 U   = 0.2401E+01
        AL= 0.9588E-02 GAMMA= 0.7415E-03 ZREF= 0.0000E+00
    M       UT         TT       DC/DH      DC/DB      DC/DR
    1   0.100E+01  0.000E+00 -0.195E+00  0.275E+00 -0.928E-01
    2   0.964E+00 -0.831E+00 -0.195E+00  0.260E+00 -0.663E-01
    3   0.857E+00 -0.160E+01 -0.195E+00  0.233E+00 -0.210E-01
    4   0.689E+00 -0.226E+01 -0.195E+00  0.202E+00  0.304E-01
    5   0.470E+00 -0.275E+01  0.000E+00  0.126E+00  0.337E-01
    6   0.393E+00 -0.230E+01  0.000E+00  0.884E-01  0.236E-01
    7   0.329E+00 -0.192E+01  0.000E+00  0.619E-01  0.165E-01
    8   0.275E+00 -0.161E+01  0.000E+00  0.433E-01  0.115E-01
    9   0.230E+00 -0.134E+01  0.000E+00  0.303E-01  0.807E-02
   10   0.193E+00 -0.112E+01  0.000E+00  0.212E-01  0.565E-02
   11   0.161E+00 -0.941E+00  0.000E+00  0.148E-01  0.395E-02
   12   0.135E+00 -0.787E+00  0.000E+00  0.104E-01  0.276E-02
   13   0.113E+00 -0.658E+00  0.000E+00  0.726E-02  0.193E-02
   14   0.943E-01 -0.551E+00  0.000E+00  0.508E-02  0.135E-02
   15   0.789E-01 -0.461E+00  0.000E+00  0.355E-02  0.947E-03
   16   0.660E-01 -0.385E+00  0.000E+00  0.249E-02  0.662E-03
   17   0.552E-01 -0.322E+00  0.000E+00  0.174E-02  0.463E-03
   18   0.461E-01 -0.270E+00  0.000E+00  0.122E-02  0.324E-03
   19   0.386E-01 -0.225E+00  0.000E+00  0.851E-03  0.227E-03
   20   0.323E-01 -0.189E+00  0.000E+00  0.596E-03  0.159E-03
   21   0.270E-01 -0.158E+00  0.000E+00  0.417E-03  0.111E-03
   22   0.226E-01 -0.132E+00  0.000E+00  0.292E-03  0.777E-04
   23   0.189E-01 -0.110E+00  0.000E+00  0.204E-03  0.543E-04
   24   0.158E-01 -0.923E-01  0.000E+00  0.143E-03  0.380E-04
   25   0.132E-01 -0.772E-01  0.000E+00  0.998E-04  0.266E-04
   26   0.111E-01 -0.646E-01  0.000E+00  0.699E-04  0.186E-04
   27   0.925E-02 -0.540E-01  0.000E+00  0.489E-04  0.130E-04
   28   0.774E-02 -0.452E-01  0.000E+00  0.342E-04  0.911E-05
   29   0.647E-02 -0.378E-01  0.000E+00  0.239E-04  0.637E-05
   30   0.541E-02 -0.316E-01  0.000E+00  0.167E-04  0.446E-05
   31   0.453E-02 -0.264E-01  0.000E+00  0.117E-04  0.312E-05
   32   0.379E-02 -0.221E-01  0.000E+00  0.819E-05  0.218E-05
   33   0.317E-02 -0.185E-01  0.000E+00  0.573E-05  0.153E-05
   34   0.265E-02 -0.155E-01  0.000E+00  0.401E-05  0.107E-05
   35   0.222E-02 -0.129E-01  0.000E+00  0.281E-05  0.748E-06
   36   0.185E-02 -0.108E-01  0.000E+00  0.196E-05  0.523E-06
   37   0.155E-02 -0.906E-02  0.000E+00  0.137E-05  0.366E-06
   38   0.130E-02 -0.758E-02  0.000E+00  0.961E-06  0.256E-06
   39   0.108E-02 -0.634E-02  0.000E+00  0.672E-06  0.179E-06
   40   0.907E-03 -0.530E-02  0.000E+00  0.470E-06  0.125E-06
   41   0.759E-03 -0.443E-02  0.000E+00  0.329E-06  0.877E-07
   42   0.635E-03 -0.371E-02  0.000E+00  0.230E-06  0.614E-07
   43   0.531E-03 -0.310E-02  0.000E+00  0.161E-06  0.429E-07
   44   0.444E-03 -0.259E-02  0.000E+00  0.375E-06  0.100E-06


                   LOVE WAVE        MODE #  0
        T = 0.8333E+01 C =    0.3247E+01 U   = 0.2805E+01
        AL= 0.4150E-02 GAMMA= 0.4480E-03 ZREF= 0.0000E+00
    M       UT         TT       DC/DH      DC/DB      DC/DR
    1   0.100E+01  0.000E+00 -0.131E+00  0.129E+00 -0.635E-01
    2   0.978E+00 -0.515E+00 -0.131E+00  0.128E+00 -0.522E-01
    3   0.911E+00 -0.101E+01 -0.131E+00  0.124E+00 -0.317E-01
    4   0.804E+00 -0.145E+01 -0.131E+00  0.120E+00 -0.549E-02
    5   0.661E+00 -0.184E+01  0.000E+00  0.115E+00  0.179E-01
    6   0.607E+00 -0.169E+01  0.000E+00  0.970E-01  0.151E-01
    7   0.557E+00 -0.155E+01  0.000E+00  0.819E-01  0.127E-01
    8   0.512E+00 -0.142E+01  0.000E+00  0.691E-01  0.107E-01
    9   0.470E+00 -0.131E+01  0.000E+00  0.583E-01  0.906E-02
   10   0.432E+00 -0.120E+01  0.000E+00  0.492E-01  0.765E-02
   11   0.397E+00 -0.110E+01  0.000E+00  0.415E-01  0.645E-02
   12   0.364E+00 -0.101E+01  0.000E+00  0.350E-01  0.544E-02
   13   0.335E+00 -0.930E+00  0.000E+00  0.295E-01  0.459E-02
   14   0.307E+00 -0.855E+00  0.000E+00  0.249E-01  0.388E-02
   15   0.282E+00 -0.785E+00  0.000E+00  0.210E-01  0.327E-02
   16   0.259E+00 -0.721E+00  0.000E+00  0.177E-01  0.276E-02
   17   0.238E+00 -0.662E+00  0.000E+00  0.150E-01  0.233E-02
   18   0.219E+00 -0.608E+00  0.000E+00  0.126E-01  0.196E-02
   19   0.201E+00 -0.559E+00  0.000E+00  0.107E-01  0.166E-02
   20   0.185E+00 -0.513E+00  0.000E+00  0.899E-02  0.140E-02
   21   0.170E+00 -0.471E+00  0.000E+00  0.758E-02  0.118E-02
   22   0.156E+00 -0.433E+00  0.000E+00  0.640E-02  0.995E-03
   23   0.143E+00 -0.398E+00  0.000E+00  0.540E-02  0.840E-03
   24   0.131E+00 -0.365E+00  0.000E+00  0.455E-02  0.708E-03
   25   0.121E+00 -0.336E+00  0.000E+00  0.384E-02  0.598E-03
   26   0.111E+00 -0.308E+00  0.000E+00  0.324E-02  0.504E-03
   27   0.102E+00 -0.283E+00  0.000E+00  0.273E-02  0.425E-03
   28   0.936E-01 -0.260E+00  0.000E+00  0.231E-02  0.359E-03
   29   0.860E-01 -0.239E+00  0.000E+00  0.195E-02  0.303E-03
   30   0.790E-01 -0.219E+00  0.000E+00  0.164E-02  0.255E-03
   31   0.725E-01 -0.202E+00  0.000E+00  0.139E-02  0.216E-03
   32   0.666E-01 -0.185E+00  0.000E+00  0.117E-02  0.182E-03
   33   0.612E-01 -0.170E+00  0.000E+00  0.986E-03  0.153E-03
   34   0.562E-01 -0.156E+00  0.000E+00  0.832E-03  0.129E-03
   35   0.516E-01 -0.143E+00  0.000E+00  0.702E-03  0.109E-03
   36   0.474E-01 -0.132E+00  0.000E+00  0.592E-03  0.922E-04
   37   0.436E-01 -0.121E+00  0.000E+00  0.500E-03  0.778E-04
   38   0.400E-01 -0.111E+00  0.000E+00  0.422E-03  0.656E-04
   39   0.367E-01 -0.102E+00  0.000E+00  0.356E-03  0.553E-04
   40   0.338E-01 -0.938E-01  0.000E+00  0.300E-03  0.467E-04
   41   0.310E-01 -0.862E-01  0.000E+00  0.253E-03  0.394E-04
   42   0.285E-01 -0.791E-01  0.000E+00  0.214E-03  0.332E-04
   43   0.262E-01 -0.727E-01  0.000E+00  0.180E-03  0.280E-04
   44   0.240E-01 -0.668E-01  0.000E+00  0.973E-03  0.151E-03


                   LOVE WAVE        MODE #  0
        T = 0.1667E+02 C =    0.3435E+01 U   = 0.3334E+01
        AL= 0.6825E-03 GAMMA= 0.1884E-03 ZREF= 0.0000E+00
    M       UT         TT       DC/DH      DC/DB      DC/DR
    1   0.100E+01  0.000E+00 -0.287E-01  0.226E-01 -0.143E-01
    2   0.994E+00 -0.146E+00 -0.287E-01  0.226E-01 -0.135E-01
    3   0.975E+00 -0.290E+00 -0.287E-01  0.227E-01 -0.121E-01
    4   0.943E+00 -0.431E+00 -0.287E-01  0.228E-01 -0.101E-01
    5   0.900E+00 -0.566E+00  0.000E+00  0.360E-01  0.141E-02
    6   0.883E+00 -0.555E+00  0.000E+00  0.347E-01  0.136E-02
    7   0.866E+00 -0.544E+00  0.000E+00  0.333E-01  0.131E-02
    8   0.850E+00 -0.534E+00  0.000E+00  0.321E-01  0.126E-02
    9   0.833E+00 -0.524E+00  0.000E+00  0.309E-01  0.121E-02
   10   0.818E+00 -0.514E+00  0.000E+00  0.297E-01  0.117E-02
   11   0.802E+00 -0.504E+00  0.000E+00  0.286E-01  0.112E-02
   12   0.787E+00 -0.495E+00  0.000E+00  0.275E-01  0.108E-02
   13   0.772E+00 -0.485E+00  0.000E+00  0.265E-01  0.104E-02
   14   0.757E+00 -0.476E+00  0.000E+00  0.255E-01  0.100E-02
   15   0.743E+00 -0.467E+00  0.000E+00  0.245E-01  0.962E-03
   16   0.729E+00 -0.458E+00  0.000E+00  0.236E-01  0.926E-03
   17   0.715E+00 -0.449E+00  0.000E+00  0.227E-01  0.891E-03
   18   0.701E+00 -0.441E+00  0.000E+00  0.219E-01  0.857E-03
   19   0.688E+00 -0.432E+00  0.000E+00  0.210E-01  0.825E-03
   20   0.675E+00 -0.424E+00  0.000E+00  0.202E-01  0.794E-03
   21   0.662E+00 -0.416E+00  0.000E+00  0.195E-01  0.764E-03
   22   0.649E+00 -0.408E+00  0.000E+00  0.187E-01  0.735E-03
   23   0.637E+00 -0.400E+00  0.000E+00  0.180E-01  0.707E-03
   24   0.625E+00 -0.393E+00  0.000E+00  0.174E-01  0.681E-03
   25   0.613E+00 -0.385E+00  0.000E+00  0.167E-01  0.655E-03
   26   0.601E+00 -0.378E+00  0.000E+00  0.161E-01  0.630E-03
   27   0.590E+00 -0.371E+00  0.000E+00  0.155E-01  0.606E-03
   28   0.579E+00 -0.364E+00  0.000E+00  0.149E-01  0.584E-03
   29   0.568E+00 -0.357E+00  0.000E+00  0.143E-01  0.562E-03
   30   0.557E+00 -0.350E+00  0.000E+00  0.138E-01  0.540E-03
   31   0.546E+00 -0.343E+00  0.000E+00  0.133E-01  0.520E-03
   32   0.536E+00 -0.337E+00  0.000E+00  0.128E-01  0.500E-03
   33   0.526E+00 -0.330E+00  0.000E+00  0.123E-01  0.482E-03
   34   0.516E+00 -0.324E+00  0.000E+00  0.118E-01  0.463E-03
   35   0.506E+00 -0.318E+00  0.000E+00  0.114E-01  0.446E-03
   36   0.496E+00 -0.312E+00  0.000E+00  0.109E-01  0.429E-03
   37   0.487E+00 -0.306E+00  0.000E+00  0.105E-01  0.413E-03
   38   0.477E+00 -0.300E+00  0.000E+00  0.101E-01  0.397E-03
   39   0.468E+00 -0.294E+00  0.000E+00  0.975E-02  0.382E-03
   40   0.459E+00 -0.289E+00  0.000E+00  0.938E-02  0.368E-03
   41   0.451E+00 -0.283E+00  0.000E+00  0.903E-02  0.354E-03
   42   0.442E+00 -0.278E+00  0.000E+00  0.869E-02  0.341E-03
   43   0.434E+00 -0.273E+00  0.000E+00  0.836E-02  0.328E-03
   44   0.425E+00 -0.267E+00  0.000E+00  0.213E+00  0.837E-02


                   LOVE WAVE        MODE #  0
        T = 0.1000E+03 C =    0.3481E+01 U   = 0.3496E+01
        AL= 0.1573E-04 GAMMA= 0.2996E-04 ZREF= 0.0000E+00
    M       UT         TT       DC/DH      DC/DB      DC/DR
    1   0.100E+01  0.000E+00 -0.713E-03  0.528E-03 -0.356E-03
    2   0.100E+01 -0.418E-02 -0.713E-03  0.528E-03 -0.356E-03
    3   0.999E+00 -0.836E-02 -0.713E-03  0.528E-03 -0.355E-03
    4   0.998E+00 -0.125E-01 -0.713E-03  0.529E-03 -0.353E-03
    5   0.997E+00 -0.167E-01  0.000E+00  0.102E-02  0.109E-05
    6   0.997E+00 -0.167E-01  0.000E+00  0.102E-02  0.109E-05
    7   0.996E+00 -0.167E-01  0.000E+00  0.102E-02  0.109E-05
    8   0.996E+00 -0.167E-01  0.000E+00  0.102E-02  0.109E-05
    9   0.995E+00 -0.167E-01  0.000E+00  0.102E-02  0.109E-05
   10   0.995E+00 -0.167E-01  0.000E+00  0.102E-02  0.108E-05
   11   0.994E+00 -0.167E-01  0.000E+00  0.102E-02  0.108E-05
   12   0.994E+00 -0.166E-01  0.000E+00  0.102E-02  0.108E-05
   13   0.993E+00 -0.166E-01  0.000E+00  0.101E-02  0.108E-05
   14   0.993E+00 -0.166E-01  0.000E+00  0.101E-02  0.108E-05
   15   0.992E+00 -0.166E-01  0.000E+00  0.101E-02  0.108E-05
   16   0.991E+00 -0.166E-01  0.000E+00  0.101E-02  0.108E-05
   17   0.991E+00 -0.166E-01  0.000E+00  0.101E-02  0.108E-05
   18   0.990E+00 -0.166E-01  0.000E+00  0.101E-02  0.108E-05
   19   0.990E+00 -0.166E-01  0.000E+00  0.101E-02  0.107E-05
   20   0.989E+00 -0.166E-01  0.000E+00  0.101E-02  0.107E-05
   21   0.989E+00 -0.166E-01  0.000E+00  0.101E-02  0.107E-05
   22   0.988E+00 -0.166E-01  0.000E+00  0.101E-02  0.107E-05
   23   0.988E+00 -0.166E-01  0.000E+00  0.100E-02  0.107E-05
   24   0.987E+00 -0.165E-01  0.000E+00  0.100E-02  0.107E-05
   25   0.987E+00 -0.165E-01  0.000E+00  0.100E-02  0.107E-05
   26   0.986E+00 -0.165E-01  0.000E+00  0.100E-02  0.107E-05
   27   0.986E+00 -0.165E-01  0.000E+00  0.100E-02  0.107E-05
   28   0.985E+00 -0.165E-01  0.000E+00  0.999E-03  0.106E-05
   29   0.985E+00 -0.165E-01  0.000E+00  0.998E-03  0.106E-05
   30   0.984E+00 -0.165E-01  0.000E+00  0.997E-03  0.106E-05
   31   0.984E+00 -0.165E-01  0.000E+00  0.996E-03  0.106E-05
   32   0.983E+00 -0.165E-01  0.000E+00  0.995E-03  0.106E-05
   33   0.983E+00 -0.165E-01  0.000E+00  0.994E-03  0.106E-05
   34   0.982E+00 -0.165E-01  0.000E+00  0.993E-03  0.106E-05
   35   0.982E+00 -0.164E-01  0.000E+00  0.992E-03  0.106E-05
   36   0.981E+00 -0.164E-01  0.000E+00  0.991E-03  0.106E-05
   37   0.981E+00 -0.164E-01  0.000E+00  0.990E-03  0.105E-05
   38   0.980E+00 -0.164E-01  0.000E+00  0.989E-03  0.105E-05
   39   0.980E+00 -0.164E-01  0.000E+00  0.988E-03  0.105E-05
   40   0.979E+00 -0.164E-01  0.000E+00  0.987E-03  0.105E-05
   41   0.979E+00 -0.164E-01  0.000E+00  0.986E-03  0.105E-05
   42   0.978E+00 -0.164E-01  0.000E+00  0.985E-03  0.105E-05
   43   0.978E+00 -0.164E-01  0.000E+00  0.984E-03  0.105E-05
   44   0.977E+00 -0.164E-01  0.000E+00  0.960E+00  0.102E-02
